1.000000000000000048e-04 4.576345712600398141e-17
1.072267222010323142e-04 3.728333777314409493e-17
1.149756995397735633e-04 3.039314179671619308e-17
1.232846739442066016e-04 2.479333090690311098e-17
1.321941148466028784e-04 2.024088926701348115e-17
1.417474162926804862e-04 1.653865194274890205e-17
1.519911082952933080e-04 1.352664869557010189e-17
1.629750834620643444e-04 1.107508249943834084e-17
1.747528400007682938e-04 9.078634043691541121e-18
1.873817422860383000e-04 7.451841790931457780e-18
2.009233002565047864e-04 6.125354451936829380e-18
2.154434690031884489e-04 5.042891099962953334e-18
2.310129700083160510e-04 4.158775261816733378e-18
2.477076355991711192e-04 3.435934561766027451e-18
2.656087782946686443e-04 2.844277967236002276e-18
2.848035868435802175e-04 2.359379293319615657e-18
3.053855508833415791e-04 1.961409097185461083e-18
3.274549162877728420e-04 1.634268026128337231e-18
3.511191734215130954e-04 1.364883554628003622e-18
3.764935806792467539e-04 1.142639245471803870e-18
4.037017258596553842e-04 9.589115127614372679e-19
4.328761281083057092e-04 8.066936053782669666e-19
4.641588833612782196e-04 6.802903745699818599e-19
4.977023564332114366e-04 5.750705059887130408e-19
5.336699231206312212e-04 4.872654206476334506e-19
5.722367659350220594e-04 4.138060916603491355e-19
6.135907273413176120e-04 3.521906749284099670e-19
6.579332246575682417e-04 3.003771864850751917e-19
7.054802310718645249e-04 2.566965379578683556e-19
7.564633275546290073e-04 2.197821144352707391e-19
8.111308307896872294e-04 1.885127864394824830e-19
8.697490026177834418e-04 1.619668223905901999e-19
9.326033468832199040e-04 1.393846360091450969e-19
1.000000000000000021e-03 1.201386852524957052e-19
1.072267222010323115e-03 1.037091519601007263e-19
1.149756995397735633e-03 8.966428728677009069e-20
1.232846739442065853e-03 7.764451743994968284e-20
1.321941148466028622e-03 6.734957536073256211e-20
1.417474162926804808e-03 5.852806338882080048e-20
1.519911082952933243e-03 5.096896504599288274e-20
1.629750834620643553e-03 4.449471542328832128e-20
1.747528400007682938e-03 3.895551326256379614e-20
1.873817422860383055e-03 3.422461740871385917e-20
2.009233002565045858e-03 3.019441961101539452e-20
2.154434690031884272e-03 2.677312859884843939e-20
2.310129700083160455e-03 2.388194090328238197e-20
2.477076355991711300e-03 2.145261513538354108e-20
2.656087782946686768e-03 1.942540873378358266e-20
2.848035868435802066e-03 1.774737488795524785e-20
3.053855508833415357e-03 1.637104196746090147e-20
3.274549162877728528e-03 1.525349586226590494e-20
3.511191734215130845e-03 1.435585174355518452e-20
3.764935806792467539e-03 1.364304654734864218e-20
4.037017258596557745e-03 1.308383292302334173e-20
4.328761281083061754e-03 1.265083629955163093e-20
4.641588833612782412e-03 1.232055887040181830e-20
4.977023564332113716e-03 1.207326488925849982e-20
5.336699231206312212e-03 1.189273639820439565e-20
5.722367659350220161e-03 1.176592773449231226e-20
6.135907273413176120e-03 1.168256418841284480e-20
6.579332246575681983e-03 1.163472915529503305e-20
7.054802310718645032e-03 1.161647337439332946e-20
7.564633275546290940e-03 1.162346665214288127e-20
8.111308307896872294e-03 1.165270106978813064e-20
8.697490026177834635e-03 1.170224660337090695e-20
9.326033468832199691e-03 1.177105524224850373e-20
1.000000000000000021e-02 1.185880732491340426e-20
1.072267222010323158e-02 1.196579307424480409e-20
1.149756995397735633e-02 1.209282252225532133e-20
1.232846739442065853e-02 1.224115769305171234e-20
1.321941148466028795e-02 1.241246177223006933e-20
1.417474162926804851e-02 1.260876087420580956e-20
1.519911082952933069e-02 1.283241485406477005e-20
1.629750834620645114e-02 1.308609437410823627e-20
1.747528400007684890e-02 1.337276212751819054e-20
1.873817422860384746e-02 1.369565674982336317e-20
2.009233002565048026e-02 1.405827851789513811e-20
2.154434690031884619e-02 1.446437644359840415e-20
2.310129700083160542e-02 1.491793680459565901e-20
2.477076355991711387e-02 1.542317350240371240e-20
2.656087782946686682e-02 1.598452088129223598e-20
2.848035868435801893e-02 1.660662976974943768e-20
3.053855508833415444e-02 1.729436751783489816e-20
3.274549162877728181e-02 1.805282271038996053e-20
3.511191734215130672e-02 1.888731506174795138e-20
3.764935806792467365e-02 1.980341077509553998e-20
4.037017258596553582e-02 2.080694341501593175e-20
4.328761281083057244e-02 2.190404012810177928e-20
4.641588833612782239e-02 2.310115287900675190e-20
4.977023564332114236e-02 2.440509426228822252e-20
5.336699231206312732e-02 2.582307740722399445e-20
5.722367659350219987e-02 2.736275950762618097e-20
6.135907273413175600e-02 2.903228856959936047e-20
6.579332246575682330e-02 3.084035306254071887e-20
7.054802310718645553e-02 3.279623426795380062e-20
7.564633275546291113e-02 3.490986123447547145e-20
8.111308307896872294e-02 3.719186835667592766e-20
8.697490026177834288e-02 3.965365569379926897e-20
9.326033468832199691e-02 4.230745222975529131e-20
1.000000000000000056e-01 4.516638234676193799e-20
