-4.032409508759736694e-01
-3.329880232346852376e-01
9.229393231840059553e-01
2.577479416140122659e-01
1.000000000000000000e+00
4.989754869344734667e-01
-5.612393217975436555e-01
3.732574535142296757e-02
-9.899171404888971182e-01
3.296479982170416045e-01
1.008638876141462193e-01
3.117815447207883395e-02
1.890909982785896615e-01
1.000000000000000000e+00
8.451469695145649164e-01
-2.108494989015774479e-03
-3.750158139083508146e-01
8.155207705785055827e-01
9.551793518123004034e-01
-1.966594590393290209e-01
